0 0.1819977237731807 0.17018009214016475 0.3389234786101627 0.238494113267253
0 0.5477003414340229 0.16785332030341107 0.33222869384749276 0.238494113267253
0 0.8728995112807123 0.14761369792530976 0.25289549440985476 0.19568809667429674
0 0.8749079467095134 0.5040718507143189 0.24854388431411928 0.19661222020568658
0 0.9623585726718887 0.4994183070408116 0.02845283524134688 0.08027362836800228
0 0.5460266452433554 0.5232677183675368 0.33222869384749276 0.23733072734887617
0 0.1819977237731807 0.52210433244916 0.3389234786101627 0.2396574991856299
0 0.18116087567784697 0.8769370375540976 0.33724978241949527 0.2350039555121225
0 0.5468634933386892 0.8751919586765323 0.3372497824194951 0.23616734143049933
0 0.863610497422508 0.8397086881660385 0.22594898574010833 0.179161431430034
0 0.8736526745665127 0.9816417702080136 0.2359911628841132 0.03257480571455154
0 0.06567583852179155 0.9862953138815209 0.1196692776327241 0.020940946530783208
