0 0.15035232843137256 0.24898078043098426 0.26501225490196084 0.390215492137449
0 0.4494485294117647 0.25014560279557363 0.2673100490196079 0.3855562026790914
0 0.7500765931372548 0.25305765870704716 0.26807598039215685 0.3913803145020385
0 0.9566674325980392 0.3599880985541009 0.08536305147058816 0.1682008558912157
0 0.9607077205882354 0.4504950495049505 0.036764705882352956 0.08037274315666862
0 0.14728860294117643 0.7667443214909727 0.2696078431372549 0.4006988934187537
0 0.07143302923021035 0.9842166569598135 0.12249228395061688 0.029586488060570758
0 0.45098039215686275 0.7649970879440886 0.2657781862745097 0.3878858474082702
0 0.7489276960784315 0.7667443214909727 0.2673100490196079 0.3937099592312172
0 0.8745404411764706 0.9793244030285383 0.2228860294117648 0.02912055911473497
