0 0.06486191860465118 0.12633236434108527 0.11385658914728683 0.21196705426356585
0 0.1844718992248062 0.1317829457364341 0.1277858527131783 0.20833333333333334
0 0.29742005813953487 0.1451065891472868 0.14050387596899225 0.23498062015503873
0 0.4109738372093023 0.15964147286821706 0.11567344961240308 0.2374031007751938
0 0.5393653100775194 0.14692344961240308 0.13989825581395354 0.2265019379844961
0 0.6544331395348838 0.14934593023255813 0.12051841085271325 0.2410368217054263
0 0.7695009689922482 0.12814922480620158 0.11325096899224812 0.2059108527131783
0 0.9030402131782947 0.13481104651162792 0.11627906976744183 0.2119670542635659
0 0.0645591085271318 0.40310077519379844 0.12051841085271317 0.21317829457364343
0 0.178718507751938 0.4006782945736434 0.12596899224806202 0.21317829457364343
0 0.3001453488372093 0.3982558139534884 0.11082848837209298 0.21317829457364343
0 0.41793846899224807 0.4000726744186046 0.12354651162790695 0.20954457364341086
0 0.5393653100775194 0.39886143410852715 0.10477228682170553 0.19258720930232556
0 0.6635174418604651 0.40067829457364346 0.11325096899224801 0.2010658914728682
0 0.7834302325581395 0.3976501937984496 0.11688468992248069 0.21681201550387594
0 0.9036458333333334 0.3994670542635659 0.10537790697674426 0.23255813953488372
0 0.9804596656976744 0.19281578503053812 0.03855983527131777 0.12502734466760593
0 0.982982073643411 0.4594234496124031 0.03149224806201545 0.12233527131782954
0 0.057594476744186066 0.673812984496124 0.0993217054263566 0.22650193798449614
0 0.1844718992248062 0.6635174418604651 0.11082848837209304 0.22771317829457374
0 0.31165213178294576 0.6592781007751938 0.10113856589147284 0.23619186046511634
0 0.4415576550387597 0.6453488372093025 0.14656007751937986 0.22771317829457363
0 0.5545058139534884 0.6635174418604651 0.10719476744186054 0.23498062015503887
0 0.6647286821705426 0.6677567829457364 0.14716569767441864 0.24345930232558147
0 0.7852470930232559 0.6683624031007752 0.12657461240310078 0.20833333333333334
0 0.912124515503876 0.6653343023255814 0.10780038759689922 0.19743217054263565
0 0.06395348837209304 0.9124273255813954 0.08539244186046512 0.1465600775193799
0 0.18961967054263565 0.9166666666666666 0.09568798449612403 0.15261627906976744
0 0.30499031007751937 0.9178779069767441 0.09265988372093022 0.1453488372093023
0 0.4273255813953488 0.9190891472868217 0.09265988372093024 0.15261627906976744
0 0.5423934108527132 0.9160610465116279 0.11446220930232567 0.13444767441860464
0 0.660186531007752 0.9312015503875969 0.0908430232558139 0.12596899224806204
0 0.7837330426356589 0.9215116279069768 0.10174418604651159 0.13081395348837208
0 0.9060365546603186 0.9235525678294574 0.09804694652993955 0.15185319767441854
0 0.9605741279069768 0.9663275193798451 0.052083333333333336 0.043604651162790616
0 0.9881298449612405 0.7004602713178294 0.019985465116279025 0.11506782945736435
