0 0.0751574612403101 0.09786821705426357 0.13929263565891473 0.14050387596899228
0 0.21959786821705424 0.09786821705426356 0.13384205426356585 0.14292635658914726
0 0.36827761627906974 0.09605135658914729 0.13929263565891467 0.14171511627906977
0 0.5118095930232559 0.09484011627906978 0.13565891472868216 0.14171511627906982
0 0.6583696705426357 0.09605135658914729 0.13565891472868224 0.14171511627906977
0 0.8049297480620156 0.10089631782945736 0.1368701550387596 0.14656007751937986
0 0.9411942829457364 0.09241763565891475 0.11385658914728687 0.12475775193798452
0 0.0733406007751938 0.295906007751938 0.13081395348837208 0.13687015503875966
0 0.22262596899224807 0.3049903100775194 0.13868701550387594 0.1429263565891473
0 0.36827761627906974 0.3019622093023256 0.1380813953488372 0.15382751937984498
0 0.5093871124031008 0.295906007751938 0.1356589147286823 0.14171511627906977
0 0.6574612403100776 0.2971172480620155 0.13747577519379844 0.13929263565891467
0 0.8070494186046512 0.2977228682170543 0.13626453488372098 0.15019379844961242
0 0.9396802325581395 0.29106104651162795 0.11809593023255817 0.1368701550387597
0 0.938468992248062 0.48667635658914726 0.11809593023255817 0.14777131782945735
0 0.8100775193798451 0.5060562015503877 0.14958817829457363 0.1550387596899225
0 0.65625 0.4969718992248062 0.13868701550387605 0.14413759689922484
0 0.5133236434108528 0.5006056201550387 0.13747577519379853 0.13929263565891473
0 0.363735465116279 0.4969718992248062 0.13505329457364343 0.1368701550387597
0 0.22565406976744187 0.5054505813953488 0.1556443798449612 0.1465600775193798
0 0.07818556201550389 0.4939437984496124 0.1429263565891473 0.1380813953488372
0 0.0960513565891473 0.9269622093023256 0.09023740310077519 0.08842054263565895
0 0.2256540697674419 0.9075823643410852 0.13141957364341084 0.13202519379844954
0 0.36676356589147285 0.9069767441860466 0.1423207364341085 0.14777131782945727
0 0.5139292635658915 0.905765503875969 0.1423207364341086 0.1477713178294574
0 0.6644258720930233 0.9130329457364342 0.11749031007751944 0.13081395348837208
0 0.8034156976744187 0.9027374031007753 0.13747577519379844 0.1465600775193798
0 0.9657218992248062 0.96875 0.0599563953488372 0.04602713178294569
0 0.08212209302325582 0.721656976744186 0.14474321705426357 0.13565891472868224
0 0.2256540697674419 0.7174176356589148 0.12778585271317827 0.12233527131782947
0 0.374031007751938 0.7162063953488373 0.12899709302325585 0.12233527131782947
0 0.502422480620155 0.7053052325581395 0.14595445736434112 0.12475775193798455
0 0.6659399224806202 0.7174176356589148 0.1398982558139534 0.12960271317829458
0 0.8200702519379846 0.711967054263566 0.14534883720930244 0.1453488372093023
0 0.9360465116279071 0.8888081395348838 0.10234980620155044 0.11143410852713179
0 0.9387718023255814 0.6998546511627908 0.1102228682170543 0.1356589147286821
