0 0.11986400462962958 0.21064814814814814 0.21267361111111108 0.3287037037037037
0 0.359302662037037 0.20949074074074073 0.21556712962962965 0.33101851851851855
0 0.6001880787037036 0.21006944444444442 0.21556712962962965 0.3275462962962963
0 0.8512008101851851 0.2054398148148148 0.20833333333333334 0.3229166666666667
0 0.9842954282407407 0.3332825652356901 0.030367476851851784 0.11815709175084199
0 0.12239583333333327 0.6394675925925926 0.22786458333333334 0.3460648148148149
0 0.36038773148148145 0.6498842592592592 0.22641782407407404 0.3483796296296296
0 0.6012731481481481 0.6452546296296297 0.21773726851851857 0.33449074074074076
0 0.8399884259259259 0.6417824074074074 0.21339699074074084 0.34375
0 0.181156062532603 0.9584953703703702 0.10311032863849763 0.08134259259259258
0 0.41970486111111105 0.9519675925925926 0.10923032407407404 0.09143518518518515
0 0.6764640014586505 0.957337962962963 0.06446204337899543 0.08365740740740743
0 0.915943287037037 0.953125 0.06872106481481476 0.09143518518518515
0 0.9521122685185186 0.9756944444444445 0.07016782407407417 0.025462962962962857
