0 0.192862539122927 0.16890124264224984 0.3561535417491096 0.23474726712136781
0 0.5804942979458215 0.17006913949359992 0.35975105227182785 0.2394188545267682
0 0.8951280713746088 0.1300002669478517 0.2083588156995359 0.15460952202987135
0 0.8960274490052884 0.480653813506255 0.20656006043817676 0.15751429803932485
0 0.5791452314998022 0.5169345043445763 0.3570529193797892 0.23474726712136787
0 0.19286253912292695 0.5169345043445763 0.3579522970104687 0.2324114734186677
0 0.1910637838615679 0.8608801270671773 0.3669460733172644 0.24759413248621875
0 0.8984242903910494 0.8205876856955994 0.20056121164154403 0.16000186863496219
0 0.5993812281900925 0.855624591236102 0.3435622549195957 0.22773988601326728
0 0.08763535633341732 0.9852611417359618 0.1672842393064 0.01751845277025129
0 0.846561679317912 0.9861355038226471 0.3054915998129293 0.023938764349022406
