0 0.14626736111111108 0.15625 0.26548032407407407 0.22222222222222218
0 0.43706597222222215 0.15451388888888887 0.2712673611111111 0.2210648148148148
0 0.7303964120370369 0.15682870370370372 0.26765046296296297 0.22337962962962962
0 0.943062789351852 0.10357987594966768 0.11283275462962965 0.12614123338081684
0 0.933297164351852 0.42013142582473184 0.13236400462962963 0.13655914794576002
0 0.7256944444444444 0.47511574074074076 0.26258680555555547 0.20949074074074076
0 0.43453414351851843 0.4797453703703704 0.2719907407407407 0.22106481481481485
0 0.14626736111111108 0.47800925925925924 0.2785011574074074 0.21527777777777782
0 0.14409722222222218 0.7991898148148149 0.26982060185185186 0.22106481481481485
0 0.4370659722222222 0.8038194444444444 0.27560763888888895 0.22106481481481477
0 0.7318431712962962 0.8038194444444445 0.27054398148148157 0.21643518518518534
0 0.9448712384259259 0.7480712579617833 0.10921585648148155 0.12577214555319652
0 0.9546440972222222 0.9704861111111113 0.0549768518518519 0.01736111111111105
